{
  "accessors": [
    {
      "bufferView": 1,
      "componentType": 5126,
      "count": 1734,
      "max": [
        3.9453499317169189,
        0.99889999628067017,
        1.2306100130081177
      ],
      "min": [
        -3.9453499317169189,
        -1.4876099824905396,
        -13.766639709472656
      ],
      "type": "VEC3"
    },
    {
      "bufferView": 1,
      "byteOffset": 20808,
      "componentType": 5126,
      "count": 1734,
      "max": [
        0.99899262189865112,
        0.99280691146850586,
        1
      ],
      "min": [
        -0.99899262189865112,
        -0.99713784456253052,
        -0.99966275691986084
      ],
      "type": "VEC3"
    },
    {
      "bufferView": 0,
      "componentType": 5125,
      "count": 2586,
      "max": [
        1733
      ],
      "min": [
        0
      ],
      "type": "SCALAR"
    },
    {
      "bufferView": 1,
      "byteOffset": 41616,
      "componentType": 5126,
      "count": 784,
      "max": [
        1.4761699438095093,
        1.1624900102615356,
        -6.8784499168395996
      ],
      "min": [
        -1.4761699438095093,
        -0.7109299898147583,
        -13.363380432128906
      ],
      "type": "VEC3"
    },
    {
      "bufferView": 1,
      "byteOffset": 51024,
      "componentType": 5126,
      "count": 784,
      "max": [
        0.99864250421524048,
        0.99996238946914673,
        0.68243837356567383
      ],
      "min": [
        -0.99864250421524048,
        -0.99966311454772949,
        -0.69431197643280029
      ],
      "type": "VEC3"
    },
    {
      "bufferView": 0,
      "byteOffset": 10344,
      "componentType": 5125,
      "count": 1176,
      "max": [
        783
      ],
      "min": [
        0
      ],
      "type": "SCALAR"
    },
    {
      "bufferView": 1,
      "byteOffset": 60432,
      "componentType": 5126,
      "count": 480,
      "max": [
        2.5346000194549561,
        1.311210036277771,
        -1.1126699447631836
      ],
      "min": [
        -2.5346000194549561,
        -0.8769800066947937,
        -6.9957900047302246
      ],
      "type": "VEC3"
    },
    {
      "bufferView": 1,
      "byteOffset": 66192,
      "componentType": 5126,
      "count": 480,
      "max": [
        0.90826147794723511,
        0.99997442960739136,
        0.84287279844284058
      ],
      "min": [
        -0.90826147794723511,
        -0.99593740701675415,
        -0.79057705402374268
      ],
      "type": "VEC3"
    },
    {
      "bufferView": 0,
      "byteOffset": 15048,
      "componentType": 5125,
      "count": 720,
      "max": [
        479
      ],
      "min": [
        0
      ],
      "type": "SCALAR"
    }
  ],
  "asset": {
    "extras": {
      "author": "TheSunshineBandit (https://sketchfab.com/TheSunshineBandit)",
      "license": "CC-BY-4.0 (http://creativecommons.org/licenses/by/4.0/)",
      "source": "https://sketchfab.com/models/4f7010c76d1c44328cf046e61db119e4",
      "title": "Assignment4"
    },
    "generator": "Sketchfab-3.18.7",
    "version": "2.0"
  },
  "bufferViews": [
    {
      "buffer": 0,
      "byteLength": 17928,
      "byteOffset": 0,
      "name": "floatBufferViews",
      "target": 34963
    },
    {
      "buffer": 0,
      "byteLength": 71952,
      "byteOffset": 17928,
      "byteStride": 12,
      "name": "floatBufferViews",
      "target": 34962
    }
  ],
  "buffers": [
    {
      "byteLength": 89880,
      "uri": "scene.bin"
    }
  ],
  "materials": [
    {
      "doubleSided": true,
      "emissiveFactor": [
        0,
        0,
        0
      ],
      "name": "Material.007",
      "pbrMetallicRoughness": {
        "baseColorFactor": [
          0.80000001190000003,
          0.70427626369999996,
          0.47414281959999999,
          1
        ],
        "metallicFactor": 0,
        "roughnessFactor": 0.59999999999999998
      }
    },
    {
      "doubleSided": true,
      "emissiveFactor": [
        0,
        0,
        0
      ],
      "name": "Material.008",
      "pbrMetallicRoughness": {
        "baseColorFactor": [
          0.34238243099999999,
          0.2242045999,
          0.1232888699,
          1
        ],
        "metallicFactor": 0,
        "roughnessFactor": 0.59999999999999998
      }
    },
    {
      "doubleSided": true,
      "emissiveFactor": [
        0,
        0,
        0
      ],
      "name": "Material.010",
      "pbrMetallicRoughness": {
        "baseColorFactor": [
          0.0042221840000000004,
          0.021990902699999999,
          0.80000007149999997,
          1
        ],
        "metallicFactor": 0,
        "roughnessFactor": 0.59999999999999998
      }
    }
  ],
  "meshes": [
    {
      "name": "Cube_0",
      "primitives": [
        {
          "attributes": {
            "NORMAL": 1,
            "POSITION": 0
          },
          "indices": 2,
          "material": 0,
          "mode": 4
        }
      ]
    },
    {
      "name": "Cube_1",
      "primitives": [
        {
          "attributes": {
            "NORMAL": 4,
            "POSITION": 3
          },
          "indices": 5,
          "material": 1,
          "mode": 4
        }
      ]
    },
    {
      "name": "Cube_2",
      "primitives": [
        {
          "attributes": {
            "NORMAL": 7,
            "POSITION": 6
          },
          "indices": 8,
          "material": 2,
          "mode": 4
        }
      ]
    }
  ],
  "nodes": [
    {
      "children": [
        1
      ],
      "name": "RootNode (gltf orientation matrix)",
      "rotation": [
        -0.70710678118654746,
        -0,
        -0,
        0.70710678118654757
      ]
    },
    {
      "children": [
        2
      ],
      "name": "RootNode (model correction matrix)"
    },
    {
      "children": [
        3,
        5,
        7,
        9,
        11,
        13,
        15,
        17,
        19
      ],
      "name": "Root"
    },
    {
      "children": [
        4
      ],
      "matrix": [
        -0.29086000000000006,
        0.95517000000000007,
        -0.05519000000000001,
        0,
        -0.77110000000000001,
        -0.19988000000000003,
        0.60452000000000006,
        0,
        0.56639000000000006,
        0.21839000000000003,
        0.7946700000000001,
        0,
        -0.0059400000000000017,
        2.7731400000000002,
        1.8859699999999999,
        1
      ],
      "name": "Lamp.007"
    },
    {
      "name": "Lamp.007"
    },
    {
      "children": [
        6
      ],
      "matrix": [
        -0.29086000000000006,
        0.95517000000000007,
        -0.05519000000000001,
        0,
        -0.77110000000000001,
        -0.19988000000000003,
        0.60452000000000006,
        0,
        0.56639000000000006,
        0.21839000000000003,
        0.7946700000000001,
        0,
        -0.0059400000000000017,
        2.7731400000000002,
        6.2136600000000008,
        1
      ],
      "name": "Lamp.006"
    },
    {
      "name": "Lamp.006"
    },
    {
      "children": [
        8
      ],
      "matrix": [
        -0.29086000000000006,
        0.95517000000000007,
        -0.05519000000000001,
        0,
        -0.77110000000000001,
        -0.19988000000000003,
        0.60452000000000006,
        0,
        0.56639000000000006,
        0.21839000000000003,
        0.7946700000000001,
        0,
        -0.0059400000000000017,
        -0.31952000000000008,
        -1.9790899999999998,
        1
      ],
      "name": "Lamp.005"
    },
    {
      "name": "Lamp.005"
    },
    {
      "children": [
        10
      ],
      "matrix": [
        -0.29086000000000006,
        0.95517000000000007,
        -0.05519000000000001,
        0,
        -0.77110000000000001,
        -0.19988000000000003,
        0.60452000000000006,
        0,
        0.56639000000000006,
        0.21839000000000003,
        0.7946700000000001,
        0,
        -0.0059400000000000017,
        -0.31952000000000008,
        8.5109499999999993,
        1
      ],
      "name": "Lamp.004"
    },
    {
      "name": "Lamp.004"
    },
    {
      "children": [
        12
      ],
      "matrix": [
        -0.29086000000000006,
        0.95517000000000007,
        -0.05519000000000001,
        0,
        -0.77110000000000001,
        -0.19988000000000003,
        0.60452000000000006,
        0,
        0.56639000000000006,
        0.21839000000000003,
        0.7946700000000001,
        0,
        3.6989300000000003,
        -5.5155599999999998,
        5.9038600000000008,
        1
      ],
      "name": "Lamp.003"
    },
    {
      "name": "Lamp.003"
    },
    {
      "children": [
        14
      ],
      "matrix": [
        -0.29086000000000006,
        0.95517000000000007,
        -0.05519000000000001,
        0,
        -0.77110000000000001,
        -0.19988000000000003,
        0.60452000000000006,
        0,
        0.56639000000000006,
        0.21839000000000003,
        0.7946700000000001,
        0,
        -3.6976,
        -5.5155599999999998,
        5.9038600000000008,
        1
      ],
      "name": "Lamp.002"
    },
    {
      "name": "Lamp.002"
    },
    {
      "children": [
        16
      ],
      "matrix": [
        -0.29086000000000006,
        0.95517000000000007,
        -0.05519000000000001,
        0,
        -0.77110000000000001,
        -0.19988000000000003,
        0.60452000000000006,
        0,
        0.56639000000000006,
        0.21839000000000003,
        0.7946700000000001,
        0,
        -3.6976,
        1.00545,
        5.9038600000000008,
        1
      ],
      "name": "Lamp.001"
    },
    {
      "name": "Lamp.001"
    },
    {
      "children": [
        18
      ],
      "matrix": [
        -0.29086000000000006,
        0.95517000000000007,
        -0.05519000000000001,
        0,
        -0.77110000000000001,
        -0.19988000000000003,
        0.60452000000000006,
        0,
        0.56639000000000006,
        0.21839000000000003,
        0.7946700000000001,
        0,
        4.0762500000000008,
        1.00545,
        5.9038600000000008,
        1
      ],
      "name": "Lamp"
    },
    {
      "name": "Lamp"
    },
    {
      "children": [
        20,
        21,
        22
      ],
      "matrix": [
        0.50525999999999993,
        0,
        0,
        0,
        0,
        0.50525999999999993,
        0,
        0,
        0,
        0,
        0.50525999999999993,
        0,
        0,
        0,
        6.9459299999999997,
        1
      ],
      "name": "Cube"
    },
    {
      "mesh": 0,
      "name": "Cube_0"
    },
    {
      "mesh": 1,
      "name": "Cube_1"
    },
    {
      "mesh": 2,
      "name": "Cube_2"
    }
  ],
  "scene": 0,
  "scenes": [
    {
      "name": "OSG_Scene",
      "nodes": [
        0
      ]
    }
  ]
}

